609
797
645
914
576
843
225
981
454
671
972
802
756
580
486
80
706
541
583
971
762
839
880
762
569
211
697
646
701
730
890
539
602
733
645
579
880
830
211
672
843
462
875
225
751
819
693
618
476
164
203
472
474
654
701
428
696
906
147
655
61
628
775
561
569
522
652
575
840
775
670
972
758
602
780
417
843
788
670
975
456
614
974
448
793
730
795
981
159
217
747
634
791
799
862
486
463
559
913
977
909
819
818
209
671
562
731
624
416
399
920
259
822
439
609
795
486
979
880
819
917
905
254
843
762
608
537
917
472
795
972
801
890
762
697
208
920
775
765
655
209
775
762
821
583
457
970
469
902
569
179
819
889
818
880
655
88
112
808
687
650
887
248
542
232
522
805
521
428
841
612
795
727
639
391
704
796
814
654
609
560
560
865
805
560
977
853
447
513
797
857
450
246
981
602
805
642
159
693
498
872
830
171
701
739
643
703
627
400
672
401
339
160
830
830
830
652
830
805
209
523
491
463
670
762
399
433
602
880
56
671
213
231
433
602
416
244
880
460
873
762
750
843
509
762
432
498
119
649
652
830
602
792
197
424
981
205
472
671
762
612
872
162
838
122
785
843
974
970
472
819
399
766
903
799
422
620
646
610
735
768
981
177
430
724
189
702
227
223
730
354
189
823
424
433
831
747
881
394
701
602
487
432
970
819
739
169
673
569
227
880
617
642
836
173
624
879
982
982
975
903
558
890
876
608
746
728
819
819
762
562
539
834
978
880
807
452
837
525
235
645
762
702
788
608
205
215
819
824
890
399
970
484
603
208
982
179
785
802
923
546
733
731
877
755
880
981
642
671
603
819
808
697
263
571
654
706
150
646
972
880
178
421
634
843
819
641
567
819
805
612
207
132
645
814
424
745
664
768
981
480
819
795
974
795
697
354
627
465
612
191
598
795
624
444
752
486
582
195
546
526
624
202
346
469
271
819
752
501
430
701
645
671
523
972
752
671
876
203
456
880
424
523
880
972
224
805
665
345
99
188
917
517
197
882
172
515
522
747
977
889
970
865
476
984
747
433
805
652
430
612
579
762
751
401
470
805
671
562
775
216
518
701
440
665
819
890
442
602
447
645
971
608
624
733
843
840
617
768
929
463
439
522
589
819
645
422
255
880
172
671
671
408
513
491
822
834
237
671
529
523
365
122
842
693
860
743
645
509
608
654
805
843
217
717
751
875
642
594
401
509
830
526
917
664
671
529
975
546
491
463
735
978
489
988
480
603
182
447
264
919
430
445
819
60
830
467
232
739
450
104
439
624
164
840
746
682
578
385
546
800
460
974
235
672
415
124
171
442
704
470
466
851
594
819
63
491
523
739
416
796
537
432
722
961
650
782
686
792
880
655
795
880
887
975
917
854
880
819
460
829
762
401
902
602
539
612
415
824
699
439
797
869
972
778
862
523
829
539
860
762
860
832
582
400
478
982
225
854
743
873
879
981
807
568
610
610
830
768
439
442
843
840
652
743
903
873
843
853
747
415
454
560
768
766
880
645
523
971
762
655
830
862
651
428
465
819
612
220
655
718
977
511
673
612
752
645
877
562
929
843
978
819
487
819
703
842
610
671
655
663
743
765
449
880
439
467
934
698
775
795
971
873
932
903
977
788
433
602
424
424
687
608
341
814
880
442
610
982
99
972
904
829
489
842
917
515
819
671
880
788
762
612
790
920
467
608
523
655
562
703
837
775
655
582
739
646
454
678
497
583
796
463
879
880
736
819
615
645
483
880
740
515
741
555
929
830
460
829
225
880
897
836
698
700
525
630
339
536
876
463
454
904
498
872
905
480
642
573
444
536
424
603
602
583
870
231
518
743
467
624
543
975
608
501
880
612
498
805
542
983
582
670
877
890
693
671
702
469
671
472
450
762
652
972
948
834
909
633
671
434
843
670
577
805
839
232
546
795
698
877
760
845
795
160
589
766
675
401
391
621
469
887
467
523
500
803
890
424
981
462
470
690
728
399
414
612
961
795
862
864
608
536
735
929
444
456
634
979
787
560
468
805
880
602
209
889
433
790
518
707
880
805
880
690
843
682
406
854
391
862
602
768
819
702
862
684
739
831
843
624
762
500
975
617
819
575
802
480
424
819
740
444
508
436
775
473
781
795
805
735
585
439
884
752
799
413
795
819
452
805
671
602
518
731
912
612
624
484
439
441
819
870
864
866
173
541
603
733
671
981
880
513
671
655
740
671
805
617
870
671
819
457
402
768
701
805
788
689
902
433
977
979
972
920
593
669
421
349
107
757
624
733
637
